301231695 -495595731 527077312 
-776527307 637587295 -1057834913 
1686866308 -700898107 923385544 
943964912 2073388453 24956091 
-239145207 -698356197 -1850122395 
-1378309458 664943492 -1018230539 
665926851 -1864361440 349386606 
-1822528735 -106592014 -1371925314 
-929027378 481589227 -1756048368 
-1691115667 -875707321 -1957232546 
1494359544 -488433867 -901144503 
-1315887445 1882557117 1886143276 
1312000579 280967390 -755938450 
642461288 -1786504970 1518602775 
-997317273 -1991717018 1406959525 
-122090205 -722185355 1317918240 
-1568413363 1707839348 1333389420 
-1244795694 -1710989533 1478847197 
1295509141 941592659 1674414352 
-1884535458 -1706047028 -405205768 
-2117146863 1798143088 1548510007 
893265698 576078496 596185262 
2016534600 1352159709 -65639081 
2006734192 -1842289998 -1262831535 
800863732 -1532054830 805886268 
-95538932 58197372 -2114428218 
-1451242364 -1811560922 -1922913658 
44855983 937144665 -1986459128 
-553063525 -1738561574 519413032 
-101665403 -1640984566 -980872797 
2009854095 -725653105 136141802 
1555812783 1911781170 -1729206982 
-1700343574 -221469942 1912014568 
-1575156030 -1215987494 -910039295 
-1138725651 -437742921 -1936520686 
459535943 497202158 1907895875 
-179326456 1654050339 723207082 
-314085831 -1697301315 -1558997539 
1117031779 1260094081 -1490584887 
170591114 -202951299 -1220961599 
76328537 -864991962 1153050073 
-2071102306 915734212 1579518581 
1089345783 1761113102 1168081180 
-1477833779 -1711134704 -1894612591 
1815185538 -1199430060 942208292 
93739494 615704641 1811331653 
-130637330 932752573 -763441831 
174547111 -301193702 44706512 
2135684711 438805038 -654164361 
-1054403258 -811855677 -1747815414 
642045388 -1209693134 595180813 
488956651 -525514679 -789700645 
-1148784337 -752809099 -771644418 
-2023033549 619091485 -1541853247 
741985622 -1395418037 670771972 
1885491887 1828271505 1835334478 
604112189 -1826887894 1349758248 
1458554723 -2036356002 -354591064 
250764434 1501667627 -2067906741 
223584071 2137994017 697645320 
1084006968 -190514035 -1422289247 
55980233 -331502119 -1621869765 
-1234410811 1161537842 -1988346063 
76232521 -585223061 -977271260 
-961189117 -125999839 308355670 
683015580 1681271582 -1927636680 
287316594 1180835074 766401857 
-1416079222 1542253344 -437251840 
811435461 1079221413 -1806669964 
11956560 1731721983 1917695387 
5073249 1429524347 23300424 
-1093050337 -49948880 677140793 
-956306463 -1444900581 92643944 
-296053093 -1375122805 1366820513 
842870932 -410907201 1059733588 
-595453348 -1167632692 -635502676 
-428033539 728281796 -1746205473 
-712929424 2064231700 1481771975 
1333173330 -700862674 1812880562 
232133335 412595815 -2025843083 
2109243390 312542241 784238023 
-1826953978 -2007487444 945233355 
535327776 233055593 850060782 
1402397797 -847429456 -485199629 
295670026 116926963 -1139953333 
722393041 194860963 237911721 
-1928959294 -1963094958 1716510934 
1789298971 224022169 -974097471 
-945990780 1883470651 885356761 
-2133151866 -2139531894 887548319 
-1512411586 1664399881 1530666870 
